97 1142 6448 57
77 86 2
28 8 2
43 23 2
96 60 2
3 28 1
41 45 2
17 77 2
10 66 1
4 47 1
40 96 2
87 9 2
27 65 1
97 36 1
64 2 2
62 94 2
65 5 1
31 23 1
64 90 1
32 90 2
9 29 1
91 19 1
79 15 2
41 47 1
5 53 2
51 45 1
40 77 1
89 45 1
19 27 1
69 91 2
97 12 2
44 78 1
16 50 2
95 3 1
39 52 2
19 69 1
93 46 2
77 1 2
19 43 1
56 22 1
38 49 1
11 50 1
67 13 2
60 47 2
56 21 2
32 26 2
57 78 1
97 71 1
24 91 1
68 59 1
45 92 2
57 94 1
69 35 1
30 24 2
15 85 1
37 32 1
26 28 1
36 6 2
76 28 2
18 62 1
24 15 2
15 32 2
83 39 1
3 43 2
30 9 2
35 4 1
36 35 1
33 96 2
55 97 1
89 52 2
73 28 2
24 65 2
50 79 1
76 18 2
15 16 2
88 83 2
56 33 2
64 50 2
7 17 1
13 54 2
19 68 2
54 37 1
70 90 2
54 39 1
75 68 2
24 52 1
85 48 2
41 48 1
4 81 2
53 65 2
8 49 2
41 97 2
51 67 2
86 21 1
49 18 2
64 70 2
48 54 1
14 72 2
87 29 1
17 90 1
27 63 2
60 68 2
69 34 2
44 91 1
81 47 2
57 59 1
32 3 1
74 25 1
59 62 2
90 92 1
20 90 2
3 82 1
1 18 2
76 36 1
82 16 1
31 50 1
90 79 1
5 31 2
92 86 2
85 66 1
93 15 2
59 14 2
88 1 2
70 8 2
64 33 2
54 5 1
31 73 1
20 53 1
60 52 2
34 93 1
34 96 2
69 66 1
33 39 1
69 2 2
35 75 2
94 21 2
11 7 1
15 64 2
29 56 2
78 5 2
81 92 1
8 28 1
7 85 1
75 67 1
70 76 2
92 64 1
7 37 1
61 56 1
13 90 2
75 78 2
22 27 2
5 7 1
42 75 2
5 10 2
58 89 1
94 75 1
57 85 2
93 22 1
32 95 2
36 87 1
94 43 1
38 56 2
48 58 1
81 45 1
38 71 2
76 76 1
9 47 2
32 73 2
86 22 2
33 89 2
44 85 2
28 96 1
5 26 1
42 20 1
74 22 1
14 13 1
58 54 2
11 39 1
50 46 1
42 84 1
36 17 2
81 11 1
76 58 1
30 91 2
12 39 2
29 33 1
1 31 2
45 82 1
9 41 2
52 67 2
20 34 2
83 28 1
53 94 1
19 77 2
96 38 2
47 93 1
89 75 1
13 29 2
73 73 2
57 16 1
12 44 2
1 47 2
59 17 2
48 12 1
72 76 2
88 58 2
30 79 2
81 96 1
78 12 1
35 22 2
64 96 1
74 50 1
38 31 2
62 91 2
63 89 2
86 76 2
28 42 2
50 84 1
36 93 1
77 52 2
32 61 1
35 32 1
16 79 2
91 14 2
5 45 2
94 89 1
36 89 1
54 46 1
25 90 1
96 25 2
58 3 1
5 8 2
72 14 2
89 60 1
21 92 2
81 27 2
35 70 2
86 26 2
81 9 1
54 10 2
67 70 1
3 78 2
3 97 1
71 4 2
25 86 1
87 18 2
77 15 1
74 93 1
30 3 2
90 44 2
57 8 1
52 32 1
35 40 2
39 12 2
2 39 2
49 32 2
55 64 1
90 40 1
81 8 1
75 76 2
51 77 1
26 40 2
93 25 2
71 71 2
75 44 2
36 49 1
20 16 1
49 33 1
30 6 2
20 72 1
59 42 2
4 3 2
21 88 2
53 59 1
64 6 2
33 31 1
3 18 1
91 27 2
39 15 1
67 15 1
6 7 2
53 54 1
19 30 2
52 22 1
32 29 2
93 33 2
23 61 1
10 84 2
9 16 2
73 93 2
20 36 2
74 30 1
82 12 1
52 61 2
84 65 2
42 32 2
61 74 1
92 20 1
47 69 2
67 72 2
21 97 2
89 40 2
77 57 2
47 14 1
58 51 2
64 12 2
31 7 2
42 48 1
10 70 2
14 95 1
15 11 2
79 8 1
71 57 1
81 37 2
54 17 1
51 49 2
41 44 1
6 81 1
72 1 2
8 39 1
48 49 2
79 5 2
18 71 1
96 24 1
28 44 2
21 52 1
89 44 2
10 15 1
73 1 1
17 79 2
94 1 2
91 96 1
90 95 1
91 5 1
30 42 1
24 69 1
18 24 2
24 93 1
84 27 1
63 1 1
12 21 2
47 22 1
62 28 1
6 4 2
89 37 1
12 85 2
75 65 2
58 63 1
74 40 1
62 54 2
51 73 2
73 72 2
97 88 2
3 72 2
35 25 2
5 50 2
2 79 2
95 30 1
30 27 1
85 52 2
11 24 2
25 53 1
15 31 1
59 50 2
31 75 1
81 84 2
90 54 1
27 5 1
14 4 2
53 72 2
2 68 2
8 5 1
70 88 1
22 96 1
43 38 2
43 45 2
11 89 1
67 87 2
32 62 1
84 90 1
7 86 1
90 33 1
64 14 2
6 5 1
44 95 1
44 37 2
68 20 2
90 71 2
87 88 2
93 68 2
56 15 2
75 34 2
45 31 1
71 62 1
86 49 1
21 63 1
45 37 2
75 82 1
37 83 2
77 84 1
66 71 1
67 95 2
3 26 1
87 44 2
31 86 2
8 95 2
76 91 1
40 20 2
62 10 1
39 5 2
10 20 2
30 68 1
80 17 2
39 93 1
58 53 1
35 45 2
22 76 2
24 57 2
41 91 1
55 31 1
69 62 2
91 86 1
81 52 2
72 84 1
48 68 1
22 52 1
46 88 2
28 52 2
70 51 2
91 48 1
9 31 1
10 87 2
3 44 1
35 50 2
96 84 2
86 15 2
37 48 1
12 57 2
18 15 1
36 39 2
67 52 2
7 43 1
86 13 2
19 64 2
19 51 1
5 13 2
94 40 2
53 57 1
88 6 1
29 72 2
30 75 1
32 70 2
52 81 2
46 79 1
31 57 1
29 81 1
8 3 1
77 54 1
97 56 1
94 24 2
25 9 1
86 66 1
59 43 1
34 55 1
77 5 2
46 39 2
4 19 2
4 31 1
81 83 1
12 5 1
47 9 1
73 81 1
2 47 2
42 89 1
12 82 1
82 50 1
86 62 1
85 34 1
82 56 2
46 36 1
77 59 1
56 20 1
5 48 1
59 70 1
83 6 1
89 11 1
64 37 2
38 94 1
59 4 1
67 17 1
54 81 2
14 74 1
83 45 1
33 57 2
85 57 2
36 20 1
93 53 1
9 43 1
86 61 1
61 33 1
36 53 2
75 30 1
38 93 1
88 18 1
48 73 2
14 55 1
28 11 2
46 19 1
14 92 2
60 2 2
75 7 1
92 30 2
37 52 2
81 75 1
76 65 1
67 4 1
63 41 2
43 26 2
32 40 1
65 35 1
93 35 1
31 21 2
43 77 2
31 72 2
23 51 1
46 42 2
42 88 1
30 69 2
31 49 2
91 75 1
67 63 2
20 23 2
43 12 2
60 90 1
22 4 1
87 19 1
65 51 1
49 93 2
57 70 2
25 52 2
90 55 2
67 89 2
11 65 1
21 37 2
69 85 2
22 74 1
92 67 1
87 31 2
64 86 1
92 52 1
27 34 2
80 62 1
77 81 2
4 80 2
55 61 1
61 25 2
77 63 1
9 49 2
78 76 1
88 92 1
43 97 1
93 57 2
24 84 1
90 10 1
88 29 2
65 31 2
46 44 1
54 83 2
35 76 2
57 19 1
52 43 1
6 38 2
32 75 1
68 14 1
74 21 1
87 22 1
43 52 2
66 53 1
95 87 2
35 11 2
76 70 1
21 74 1
89 41 2
25 16 1
81 95 1
93 18 2
55 2 2
2 40 1
84 37 1
90 53 1
69 17 1
80 61 2
23 42 1
42 80 1
49 5 1
81 42 1
89 80 1
40 23 2
95 10 2
19 60 2
30 70 1
5 22 1
44 60 1
82 49 1
11 30 2
66 37 1
34 12 2
16 89 1
32 13 2
67 2 2
72 53 2
58 91 2
13 59 2
2 34 2
68 29 2
21 77 2
55 14 2
63 10 1
66 45 1
18 3 1
43 64 2
85 9 2
71 18 1
41 68 1
40 64 2
3 58 1
53 69 2
58 43 1
29 96 2
38 6 1
74 94 2
94 29 1
49 88 1
78 37 2
41 88 2
49 30 2
1 29 1
60 38 2
5 76 2
27 78 1
30 89 2
46 61 2
88 63 1
9 4 1
50 51 1
4 38 2
54 20 2
95 27 2
57 22 1
39 36 1
94 20 2
7 80 2
18 31 2
84 1 2
68 39 1
25 62 1
61 54 2
74 39 2
18 46 1
1 44 1
79 64 2
21 18 2
40 56 1
96 30 2
44 41 2
22 95 2
83 15 2
61 84 1
88 81 2
69 75 2
74 33 1
72 37 1
50 93 2
84 82 1
33 9 1
30 28 2
77 48 1
10 69 1
1 25 2
82 27 2
41 62 2
73 47 1
62 74 1
72 7 1
10 30 2
94 38 2
97 62 1
11 92 1
10 42 2
86 38 1
65 65 2
81 18 2
60 58 2
76 84 2
42 59 1
40 31 1
32 19 1
7 75 1
64 52 1
3 41 2
2 12 1
95 40 1
52 8 2
44 97 2
31 44 1
71 34 1
16 56 1
60 50 2
64 88 1
50 82 2
58 28 2
39 55 2
8 89 1
78 56 1
16 75 1
8 23 1
23 37 1
39 81 1
69 50 1
5 92 1
11 14 2
58 49 2
27 60 2
57 43 2
92 97 2
78 21 2
23 83 2
1 55 2
38 62 2
77 4 2
85 6 2
7 53 2
78 83 2
72 85 2
40 14 1
77 24 1
50 95 2
88 60 1
68 47 1
42 44 2
57 44 2
9 85 1
77 39 1
25 22 2
81 65 1
64 7 1
66 13 1
23 65 2
4 1 2
68 27 1
17 76 2
34 30 2
49 78 2
9 24 1
92 44 1
50 92 2
43 73 1
53 3 1
30 45 2
9 73 2
73 3 1
20 39 1
94 96 1
12 16 1
1 50 2
70 31 1
61 77 1
88 90 2
43 1 1
84 30 2
21 38 2
8 58 2
23 25 2
51 16 1
70 82 2
52 20 2
49 44 1
81 82 1
86 17 2
32 51 1
64 59 1
39 76 2
58 71 1
25 95 2
88 27 2
2 53 1
89 35 2
12 12 2
7 1 1
25 35 2
20 84 1
82 22 2
29 11 1
22 35 2
22 51 2
6 21 2
3 31 2
72 13 1
24 42 2
31 68 1
96 87 1
85 1 1
92 15 2
39 83 1
78 3 2
79 26 2
44 48 1
4 12 2
82 15 1
35 6 2
49 34 1
50 58 1
6 78 1
75 96 1
19 6 1
19 50 2
82 46 2
68 19 2
84 5 1
92 8 2
41 36 2
62 71 1
13 63 1
24 40 2
30 81 1
11 63 1
29 83 2
26 50 2
29 30 1
42 66 2
81 67 1
21 20 1
6 9 2
93 17 2
25 75 1
81 21 2
52 21 1
94 71 1
21 67 2
65 61 2
36 58 2
44 28 1
33 8 1
50 60 2
27 26 2
3 2 1
65 14 2
2 60 1
36 56 1
66 10 1
60 36 1
94 53 1
54 9 2
30 8 1
74 87 2
50 50 2
66 21 2
37 8 2
41 78 1
56 5 1
47 23 1
75 74 2
63 46 2
86 45 2
24 20 2
32 45 1
69 20 1
85 68 1
23 84 2
49 27 1
84 51 1
49 56 2
29 75 1
74 84 1
27 16 1
42 24 2
94 44 2
79 69 1
2 29 1
53 76 2
4 77 1
33 58 1
87 6 1
50 53 1
63 31 1
40 11 1
63 97 2
90 45 2
39 56 1
23 63 2
77 41 2
28 4 2
94 57 1
1 56 2
17 82 1
89 59 1
54 41 2
91 97 2
12 60 2
7 84 2
32 79 2
36 11 2
22 19 1
32 33 2
14 57 1
4 43 2
46 77 1
32 30 1
45 1 1
3 48 2
91 81 1
38 67 1
83 35 1
86 67 1
47 21 1
49 89 2
50 49 2
48 43 1
77 74 2
70 70 1
82 62 1
78 45 2
51 19 1
17 84 2
89 95 1
61 41 2
62 29 1
4 13 2
87 21 2
2 74 2
87 26 2
24 56 1
47 44 2
94 52 2
29 65 2
71 24 1
66 4 2
97 48 1
42 33 1
76 30 2
22 69 2
23 19 1
52 44 1
59 92 1
89 9 2
97 77 2
10 5 2
54 76 2
7 25 1
6 52 2
3 66 1
93 83 1
41 32 2
97 58 1
9 5 1
38 53 1
91 88 1
76 94 2
8 19 2
33 3 1
79 10 1
12 4 1
34 4 2
20 89 2
8 8 2
13 21 2
97 94 2
96 82 1
80 24 1
66 18 1
91 16 2
57 10 2
28 17 2
92 11 1
55 66 2
79 7 2
17 57 2
75 28 1
65 32 1
95 81 2
28 81 1
75 36 1
51 76 1
21 55 1
1 80 1
79 24 2
45 21 2
27 51 2
85 45 1
45 24 2
61 57 2
70 65 1
60 60 2
61 58 1
13 10 1
7 10 2
44 59 2
87 68 1
59 72 1
33 21 2
68 53 2
57 37 1
1 60 1
68 64 1
12 9 2
82 69 2
50 67 2
17 34 2
60 8 1
90 74 1
7 82 1
71 10 1
93 87 2
83 73 1
5 51 1
49 17 2
39 67 1
16 40 1
48 87 2
93 90 1
78 2 2
54 47 1
34 17 2
10 24 1
88 10 2
79 94 2
78 86 2
32 7 2
96 69 2
17 65 2
24 36 2
71 60 2
96 2 1
8 48 2
40 61 2
53 19 1
30 4 1
73 60 2
43 31 2
42 39 2
92 24 1
19 58 2
9 57 2
13 86 2
63 96 1
31 12 1
17 24 1
87 5 2
57 20 2
56 29 1
74 70 2
30 82 2
26 17 2
39 42 1
31 42 1
83 34 2
62 93 1
19 76 1
87 64 1
84 10 2
16 65 2
40 86 1
2 7 1
38 63 2
95 14 1
42 65 1
33 30 2
91 67 1
89 55 1
90 25 2
87 86 2
92 42 2
74 83 1
51 92 1
35 41 1
61 86 1
28 40 2
64 71 2
77 62 1
80 88 2
79 16 2
43 71 1
12 94 1
1 58 2
13 9 2
14 61 1
74 18 2
72 71 2
48 63 1
47 55 2
14 29 2
66 12 2
43 18 1
74 14 1
12 55 1
33 65 2
19 44 1
46 2 1
75 46 2
43 95 2
27 21 2
96 44 2
37 64 2
95 38 1
79 36 2
8 57 1
49 87 1
68 50 1
44 93 2
69 11 2
80 10 2
86 46 2
27 47 2
95 13 2
48 67 1
55 33 1
2 32 2
60 42 2
62 21 2
73 22 1
67 55 2
15 35 1
35 1 1
61 61 1
76 6 1
73 74 2
50 19 1
8 75 2
61 26 1
62 58 2
44 42 2
96 48 2
28 85 1
42 45 1
72 34 2
13 49 1
1 19 1
77 85 2
54 62 1
33 74 2
61 8 1
8 92 2
67 44 2
47 8
70 33
13 28
74 97
56 27
35 27
76 38
97 12
11 82
54 38
79 9
65 16
64 33
96 30
67 84
40 30
94 19
45 69
66 17
15 35
35 6
83 6
29 61
92 92
35 13
35 69
80 4
40 58
91 37
79 82
60 40
68 86
44 93
49 76
77 76
41 13
94 63
94 60
95 60
97 63
58 17
74 42
25 95
80 24
83 14
52 97
64 16
29 51
4 39
83 10
65 30
51 52
82 22
68 81
55 85
11 9
96 47
8 78
6 70
22 58
13 35
13 91
84 61
16 73
82 54
48 62
12 7
19 88
37 71
14 11
7 61
65 4
32 82
77 19
58 59
3 55
81 9
20 74
43 73
11 13
17 94
77 45
96 11
52 24
61 65
86 27
89 58
65 25
64 21
55 5
94 83
76 15
82 56
48 65
37 43
17 8
63 92
5 49
52 71
47 94
52 47
71 82
8 61
85 23
94 33
81 71
54 34
51 42
27 24
65 42
12 67
74 40
78 69
10 22
42 6
71 86
19 1
38 20
62 12
53 91
69 3
82 89
36 74
27 88
86 84
17 73
63 85
23 85
82 48
80 7
2 71
22 95
94 9
65 7
55 31
80 88
87 90
41 10
68 82
12 57
18 8
61 12
86 48
70 69
85 67
56 63
47 89
57 83
62 11
54 5
54 2
89 17
62 26
36 85
1 32
73 28
59 24
89 81
53 79
1 28
45 30
73 34
62 93
13 8
49 63
37 35
53 88
42 20
22 94
14 27
60 83
45 91
78 6
54 6
49 65
75 17
4 56
1 58
18 68
15 70
17 64
84 56
54 4
41 95
70 6
69 79
25 43
85 79
82 6
4 95
78 90
72 44
18 85
35 41
15 65
9 68
41 2
28 6
92 72
5 3
25 29
73 67
87 37
52 75
7 39
67 22
82 8
68 93
48 50
6 80
85 74
43 81
15 91
40 34
21 93
61 18
49 6
97 79
19 82
33 93
3 20
36 47
24 3
75 33
19 52
67 74
76 4
71 20
88 49
61 56
82 76
95 62
24 63
97 58
30 62
90 39
47 56
77 91
85 76
77 23
48 46
10 84
69 44
39 14
26 61
11 22
11 57
3 30
35 72
24 34
62 23
9 18
18 26
8 12
29 6
90 20
83 11
56 75
47 50
55 7
88 18
35 71
2 18
20 96
85 1
73 93
87 62
83 84
56 52
10 93
9 78
84 87
21 50
26 84
34 12
83 64
13 87
89 7
18 96
52 69
33 20
78 13
36 35
23 71
23 24
61 95
68 3
89 65
50 23
88 76
1 15
10 87
47 4
90 69
70 54
80 68
28 85
21 13
4 79
48 15
7 41
74 49
21 62
21 54
3 90
60 43
54 7
26 29
80 63
22 8
16 6
13 79
34 71
7 42
50 35
8 74
52 95
54 43
90 25
34 22
13 77
26 46
8 42
75 79
74 29
42 45
72 90
65 70
80 46
54 59
18 72
82 97
80 14
26 69
95 54
66 46
49 48
14 10
43 64
16 13
43 15
85 87
87 69
86 95
45 70
53 64
53 97
23 15
82 81
41 53
4 44
29 22
77 53
69 71
27 83
62 80
49 27
5 51
13 54
81 20
21 4
34 2
69 65
68 2
39 38
60 84
84 55
91 5
34 76
24 80
22 45
35 28
17 90
7 58
21 38
41 31
87 33
5 36
91 24
51 21
88 61
80 5
83 42
37 30
50 20
82 29
77 79
37 66
50 7
95 30
88 47
49 67
14 37
97 1
42 96
65 83
28 59
89 24
56 8
63 93
96 45
23 62
58 47
24 1
58 6
82 47
91 47
39 33
58 84
24 25
13 68
70 31
24 11
26 66
54 33
21 55
37 68
88 75
72 8
44 43
71 43
78 81
58 41
20 66
54 44
33 7
80 76
67 56
80 93
64 39
35 65
12 5
77 11
85 22
86 91
29 68
7 74
75 1
32 1
84 43
29 92
82 13
19 4
16 91
57 72
33 75
3 58
28 22
66 38
3 18
97 57
43 74
69 13
87 11
76 27
67 78
21 43
3 75
76 24
88 83
62 92
11 49
64 55
27 75
79 26
79 32
94 94
18 48
28 43
3 89
34 86
45 37
81 65
16 16
8 7
19 27
51 37
41 63
94 75
55 75
20 3
77 5
3 44
18 92
34 49
89 80
34 13
95 89
52 67
68 91
85 48
18 58
23 27
63 38
31 45
51 54
97 55
93 26
10 59
12 45
37 73
84 82
28 80
21 65
25 47
95 76
22 6
31 39
42 43
73 7
43 39
58 85
8 41
9 64
71 33
91 93
23 67
26 45
13 89
70 41
22 79
11 34
15 24
72 64
94 85
48 87
53 69
5 40
73 37
78 84
2 4
18 19
66 28
95 10
7 2
21 52
27 18
4 74
3 22
42 93
23 56
75 51
20 52
59 1
70 88
54 32
32 40
18 71
32 86
49 10
43 61
35 96
73 4
82 77
21 87
5 83
70 74
41 48
30 36
25 41
44 55
79 86
70 89
23 52
21 88
19 81
21 73
5 33
3 72
89 85
80 45
83 94
62 75
58 2
29 56
88 31
6 75
17 91
20 83
93 29
95 56
64 25
6 9
57 50
36 21
50 43
37 61
68 29
66 18
26 39
84 54
5 29
30 40
51 78
8 36
54 56
91 8
39 8
27 67
31 24
14 49
38 60
94 79
29 13
29 8
96 67
73 59
39 63
4 53
11 39
64 63
37 1
70 64
25 15
90 4
35 74
7 46
97 91
95 57
42 58
77 43
25 40
57 16
70 70
92 79
22 20
7 18
90 7
72 76
67 90
50 90
2 92
21 15
5 76
84 7
68 16
44 48
33 58
52 46
64 2
80 64
70 59
59 38
69 74
31 2
93 32
56 56
63 32
5 43
32 60
66 5
26 53
89 67
51 81
16 68
33 6
95 40
68 8
87 1
61 69
31 44
90 41
32 38
83 17
24 77
77 97
56 85
45 76
89 6
6 25
4 27
2 56
21 25
8 44
72 38
18 84
66 71
9 34
16 31
12 95
34 83
79 22
31 77
7 73
76 91
81 79
71 38
12 71
18 40
89 3
46 82
73 78
30 67
60 34
25 27
85 43
40 71
18 88
26 55
51 93
3 24
87 96
1 20
46 37
53 65
81 56
77 6
68 51
63 58
16 30
87 36
70 86
34 89
6 15
87 76
31 33
11 1
54 93
25 20
48 26
54 48
72 46
4 16
20 30
7 45
69 55
33 16
57 88
41 56
45 61
48 80
95 95
34 57
46 2
60 65
77 90
86 9
86 88
96 73
15 52
51 82
23 30
81 13
63 96
63 40
49 31
11 58
97 61
80 60
58 22
33 5
73 42
9 70
89 96
54 80
76 62
87 2
58 33
36 12
48 19
40 47
26 32
28 30
84 25
6 26
14 5
64 41
88 15
2 80
82 52
7 89
11 65
64 48
10 97
97 14
38 94
91 54
76 71
4 82
27 93
33 46
96 75
1 51
65 33
58 74
8 16
85 18
70 97
7 83
59 28
11 23
17 62
17 89
74 54
55 70
23 2
85 51
59 90
58 45
43 79
70 21
14 22
74 72
42 82
45 21
70 44
80 74
37 52
22 81
51 57
68 30
14 48
84 53
4 77
74 8
33 32
21 29
74 50
10 9
81 97
79 75
3 26
39 43
34 79
60 97
41 32
2 21
81 10
10 14
9 31
97 10
95 31
43 57
30 48
30 26
57 75
66 91
91 53
53 78
49 43
87 71
14 43
62 45
9 97
64 35
70 65
12 41
38 48
71 3
33 77
73 10
90 11
18 55
88 82
67 86
52 52
65 61
71 26
92 69
72 15
87 73
63 48
2 29
56 89
16 62
56 47
27 25
75 46
6 94
63 57
63 78
48 34
48 88
62 46
67 13
79 90
53 57
59 43
90 29
29 33
93 11
42 37
28 97
27 9
70 91
59 55
8 94
32 7
62 25
95 19
92 54
79 83
51 45
75 9
49 35
44 13
45 27
76 89
85 62
12 81
28 39
60 76
96 14
2 27
17 96
22 19
37 94
1 46
72 40
47 44
33 63
81 63
90 94
37 85
32 20
4 42
61 29
27 32
2 1
2 65
32 28
2 70
84 15
21 70
72 96
52 18
32 44
20 76
31 46
90 30
30 39
68 64
20 1
10 78
46 67
17 39
3 13
5 44
1 76
15 64
70 13
57 10
75 75
65 55
73 9
3 60
83 27
66 73
78 35
35 4
12 16
83 89
53 67
29 59
41 66
61 17
21 21
78 73
27 22
15 68
67 47
69 1
85 25
86 12
16 10
40 97
95 72
59 95
80 40
93 41
12 19
31 16
93 20
56 71
88 6
40 42
86 36
69 86
55 91
90 35
24 58
67 61
65 71
26 28
43 4
89 48
48 31
77 56
49 18
60 13
24 35
51 75
50 53
83 24
78 93
79 41
72 30
10 60
81 81
51 67
36 31
88 34
26 78
65 89
52 27
22 1
49 96
84 66
49 21
23 7
47 71
72 69
65 49
17 53
77 61
47 91
33 86
38 88
17 41
84 46
43 97
70 92
94 52
39 72
22 69
59 44
63 72
45 36
6 89
62 5
77 27
41 93
44 7
96 57
49 40
47 92
60 53
5 79
10 6
35 36
46 28
80 78
34 90
4 83
35 93
48 71
3 16
45 31
27 57
36 81
88 45
67 5
77 33
50 62
1 66
15 82
54 42
71 35
56 76
13 47
6 76
89 9
1 39
62 32
37 46
81 33
36 58
46 79
32 57
18 70
49 93
14 8
78 79
14 52
97 70
24 40
19 84
79 34
60 1
57 56
38 41
2 61
9 12
7 79
59 17
70 29
26 31
13 80
19 44
56 57
91 35
81 93
46 33
69 89
89 75
6 71
24 26
86 89
79 20
11 53
22 76
4 91
79 79
88 28
13 63
94 73
39 49
65 68
30 25
23 31
58 35
11 41
60 23
40 74
92 17
44 19
30 13
21 85
94 14
74 89
44 24
89 71
18 28
15 90
89 39
32 23
29 65
88 88
62 58
31 1
85 15
65 11
68 26
70 3
32 71
90 45
62 49
84 60
88 78
27 37
23 53
54 15
74 53
79 11
88 1
9 72
41 68
67 30
76 80
75 29
2 85
55 46
56 32
92 83
36 61
61 51
53 55
31 62
3 43
49 81
61 71
41 21
48 90
82 73
82 91
44 51
32 92
82 66
5 12
83 25
61 36
39 50
47 57
18 57
47 66
40 64
75 24
42 24
1 62
13 30
90 36
68 19
50 78
5 46
34 67
79 33
25 72
54 67
41 62
19 92
89 83
44 70
14 91
85 33
60 42
78 1
34 75
91 45
32 80
22 90
51 53
78 49
26 37
17 12
25 92
55 52
22 38
88 41
65 66
8 47
73 48
3 76
77 84
12 90
81 37
95 43
38 85
63 53
76 21
53 15
36 56
12 96
84 40
38 6
90 46
33 40
97 67
96 8
38 31
16 64
42 30
33 94
68 92
91 28
93 38
52 34
8 77
6 36
50 39
10 61
73 92
13 84
10 10
60 82
94 53
16 65
73 54
5 97
95 5
34 11
23 29
42 42
65 1
62 56
85 32
2 96
2 94
17 48
94 82
50 30
8 4
74 71
48 24
23 3
9 90
39 59
82 9
47 26
39 3
67 97
57 26
41 58
14 88
48 6
18 20
38 79
73 33
62 14
73 60
92 14
80 79
11 48
27 60
54 62
65 5
40 32
97 17
17 95
90 71
91 10
6 29
33 24
65 82
36 9
74 5
3 31
66 6
67 70
17 40
19 2
17 92
44 90
91 59
57 89
6 50
3 85
35 47
42 62
36 84
35 56
78 3
3 47
55 73
13 25
33 45
95 65
77 71
41 61
38 52
25 5
88 36
71 21
86 53
64 29
64 81
23 72
43 24
2 17
92 43
40 59
14 32
87 75
77 78
56 5
52 72
71 95
25 87
79 73
56 36
23 77
40 38
55 11
37 38
81 92
38 23
67 59
55 48
34 68
61 80
40 60
8 55
7 17
57 71
89 4
20 95
47 96
20 68
10 73
84 74
35 45
68 47
61 42
93 66
30 92
51 24
72 56
80 35
64 27
55 72
30 17
69 69
48 84
35 59
88 11
66 16
75 14
61 28
43 43
79 16
87 60
8 6
26 33
63 71
62 20
72 49
15 10
16 8
17 60
72 72
14 28
9 74
59 33
97 26
51 33
89 59
60 37
3 34
54 21
26 68
94 58
8 68
91 2
97 87
85 4
57 46
66 56
26 82
85 14
46 81
83 54
36 87
19 48
87 93
85 75
20 82
96 13
44 52
94 2
36 28
26 4
12 49
96 1
30 35
42 94
95 39
18 38
46 9
67 15
93 81
70 39
9 51
9 37
36 46
65 73
5 60
46 51
76 46
6 87
85 86
71 62
72 48
69 30
20 34
94 23
5 71
74 19
11 62
72 4
48 43
18 82
79 64
5 41
4 49
20 58
82 7
19 90
66 20
30 63
16 54
62 53
7 70
17 56
16 52
51 18
23 57
33 15
51 26
72 68
45 96
17 34
79 60
70 40
15 67
5 90
76 51
1 89
79 96
85 28
14 93
8 95
21 60
93 47
13 18
75 78
96 24
42 83
30 14
67 8
58 24
55 22
82 64
83 2
82 95
41 3
30 82
82 1
85 38
85 7
96 31
89 19
54 19
32 97
10 49
38 86
20 57
85 91
97 64
36 77
14 76
46 55
63 95
1 85
40 23
53 3
24 59
81 14
70 79
25 2
18 4
28 69
8 93
22 40
54 40
21 16
81 24
34 58
8 56
5 86
5 17
73 8
85 19
71 36
34 18
51 59
21 10
73 68
25 30
1 57
67 2
88 64
86 33
10 29
84 90
85 52
80 56
54 25
65 92
59 63
63 44
28 42
24 39
18 24
46 93
30 43
17 45
46 60
64 1
50 46
46 27
73 5
97 56
31 5
89 28
81 19
57 97
28 90
37 67
39 47
12 77
32 65
97 25
67 24
73 14
14 81
79 92
63 89
63 33
84 34
54 12
90 82
91 60
44 95
2 68
6 56
9 26
19 16
85 9
14 56
81 50
84 36
44 81
93 28
88 94
64 73
35 54
84 89
26 92
8 1
7 4
44 58
85 40
66 44
16 50
73 21
35 19
28 5
30 54
64 86
9 71
15 48
60 77
2 79
16 80
2 67
76 25
55 3
14 73
79 29
77 93
81 53
69 15
3 92
81 42
10 2
30 49
86 79
87 87
90 74
23 74
85 68
43 60
18 16
65 32
69 7
31 55
54 89
44 23
43 80
89 86
21 7
29 16
47 41
83 48
58 80
38 29
81 44
95 73
12 14
66 39
8 59
78 10
17 46
39 26
25 68
85 95
58 76
35 15
25 53
60 73
78 24
49 61
40 93
57 58
78 63
70 75
27 66
13 3
15 40
96 78
46 91
34 33
55 17
22 9
13 48
87 7
69 70
81 21
87 92
15 57
67 27
91 65
83 32
93 87
97 39
9 1
56 90
57 21
94 49
63 23
34 14
26 62
21 79
32 67
2 59
61 90
38 84
33 84
31 38
20 97
95 49
66 36
75 11
55 10
1 25
52 26
53 74
27 1
13 13
72 55
56 66
90 50
84 79
89 94
58 5
2 95
55 61
32 24
77 59
64 71
53 44
13 44
62 83
95 23
74 68
3 71
20 54
86 16
44 60
91 94
75 65
26 42
91 16
72 2
90 80
55 66
93 65
18 64
16 25
16 32
92 60
31 58
68 45
41 54
59 27
25 91
1 55
48 57
81 28
77 70
93 50
45 85
33 89
27 68
48 32
79 31
17 77
51 51
78 95
65 20
81 51
29 90
95 11
41 81
84 6
20 67
96 83
16 58
85 77
86 70
69 4
61 59
4 58
37 6
64 97
47 82
94 8
72 7
62 16
68 24
65 64
71 7
18 18
76 6
44 80
4 35
79 89
97 86
22 37
47 12
46 74
88 91
41 47
5 95
62 28
62 88
34 41
86 24
86 6
9 17
23 79
62 18
88 33
71 54
36 52
31 7
64 50
4 3
65 81
71 5
62 62
37 72
34 80
52 84
66 72
90 62
54 96
95 44
2 66
11 96
77 34
89 60
87 65
58 38
86 97
82 96
58 1
47 74
15 62
40 84
53 92
23 80
83 67
53 51
55 57
42 11
40 35
15 53
33 9
5 2
90 8
5 78
94 30
77 40
14 85
25 6
92 34
47 88
19 75
39 77
69 31
95 77
67 75
90 73
80 28
69 47
6 24
8 62
56 42
19 78
35 64
97 73
53 53
40 66
93 61
79 3
53 27
37 90
52 85
63 5
52 61
17 13
65 85
36 59
83 45
36 30
7 72
49 45
29 12
85 35
58 26
13 1
16 14
15 5
37 8
74 4
77 37
7 32
94 81
13 78
11 19
20 73
62 40
63 90
14 83
78 82
18 13
75 57
59 5
34 66
90 19
51 48
94 96
46 88
20 35
12 15
76 85
56 35
18 89
13 90
52 42
17 3
25 58
23 25
56 30
5 61
30 89
3 15
54 90
21 96
88 52
12 74
14 24
62 95
67 93
97 40
55 97
30 5
73 29
50 28
74 81
10 44
45 3
37 95
44 41
2 10
11 59
26 97
69 58
59 88
52 6
96 71
71 18
72 27
56 31
52 63
60 12
20 22
49 84
1 82
7 22
41 72
67 53
50 27
75 55
14 26
92 68
72 28
30 76
95 8
75 91
43 78
70 14
10 80
23 96
1 49
77 82
42 38
51 9
79 97
84 78
3 5
14 87
34 63
68 66
44 77
60 61
96 92
46 49
17 84
42 67
22 65
42 2
41 33
30 78
37 13
78 51
78 62
19 77
97 23
57 48
95 20
44 61
38 2
79 40
70 50
75 68
71 91
15 37
32 10
34 8
40 65
22 31
45 48
28 64
64 15
26 65
78 88
81 30
16 47
75 80
31 4
95 53
85 46
5 67
52 70
94 39
6 59
31 86
5 15
49 62
87 53
60 74
80 15
52 7
97 85
38 76
15 36
42 29
78 94
43 86
26 8
31 88
73 25
63 7
53 30
72 57
42 50
75 37
69 83
18 30
14 19
3 46
65 12
38 18
18 17
62 89
91 68
78 71
97 50
61 44
51 46
59 29
16 33
34 87
9 20
7 76
66 23
3 51
30 75
34 47
57 4
79 21
88 43
35 84
53 89
87 48
2 82
38 69
25 12
87 17
39 97
80 19
42 54
3 53
41 70
87 6
7 51
12 61
46 13
86 78
41 22
96 64
2 3
65 80
37 34
93 94
20 61
58 69
61 20
51 79
89 90
13 19
48 92
18 22
32 27
80 33
5 54
87 82
73 13
76 48
82 93
28 51
57 86
11 73
36 44
39 70
54 54
34 88
83 93
55 24
38 75
92 8
68 67
7 96
30 46
2 47
49 97
64 64
25 32
63 19
69 87
92 21
63 88
60 4
15 44
23 32
78 89
69 68
20 11
94 35
67 29
93 58
64 75
45 74
56 4
76 1
81 75
61 68
57 39
59 53
48 53
87 39
33 17
83 50
24 92
94 88
28 49
89 89
21 12
23 60
84 33
1 92
25 90
44 82
85 5
69 41
91 52
67 23
6 68
87 19
70 8
86 42
90 1
36 48
91 70
45 62
57 42
74 73
61 77
91 21
46 44
75 42
19 57
31 76
25 28
6 35
95 2
11 44
10 20
25 3
32 75
96 81
6 83
34 6
96 63
10 88
42 28
12 34
88 55
87 46
78 76
41 69
66 4
77 72
54 9
56 67
17 26
78 58
60 47
53 2
31 60
21 83
20 24
51 49
65 59
54 26
59 52
1 78
1 6
68 17
4 60
29 82
69 73
51 15
59 6
8 26
31 68
85 11
5 14
54 78
11 28
10 76
70 62
55 84
81 88
59 89
21 5
57 40
23 19
1 43
27 36
54 16
3 6
42 19
60 90
44 6
7 91
6 63
69 94
46 47
59 4
90 92
46 76
64 65
50 9
31 91
97 36
37 65
77 13
21 95
5 85
32 88
42 32
38 59
95 16
31 49
9 48
51 31
14 7
4 55
25 50
27 50
71 61
37 20
9 50
92 62
36 45
50 84
57 33
90 48
2 41
53 86
92 82
51 14
86 90
52 43
90 89
92 94
75 39
25 14
32 66
33 23
74 38
51 91
33 43
92 53
2 43
13 31
25 37
57 62
5 7
26 5
54 23
8 43
89 29
35 89
14 63
34 94
48 13
76 54
80 27
75 53
50 40
46 57
58 10
14 84
84 83
14 40
51 69
82 46
60 17
35 11
23 46
70 84
34 61
28 14
60 39
7 23
72 85
52 82
93 15
61 46
35 32
2 42
92 13
55 79
26 91
30 94
37 15
17 7
97 83
33 90
1 4
90 26
87 29
90 91
13 94
1 9
68 73
36 67
7 55
75 90
10 90
96 70
84 63
36 55
43 53
8 52
62 39
75 22
22 2
11 46
94 21
83 70
66 24
40 54
54 27
69 75
12 70
44 28
15 84
16 86
64 13
32 13
58 88
84 73
54 65
37 27
35 55
80 75
9 86
79 19
41 28
85 60
91 73
86 31
79 46
40 25
93 57
89 62
66 77
12 85
2 58
55 34
37 93
35 10
71 41
7 65
63 79
29 38
97 41
15 80
13 4
5 70
15 54
52 28
33 44
34 39
71 14
30 93
63 75
78 97
21 92
76 67
21 33
77 55
21 35
11 83
3 84
50 8
14 23
97 46
94 77
29 93
92 36
19 50
49 4
84 27
36 25
96 59
53 63
86 8
32 56
47 38
69 97
59 42
94 44
73 76
23 82
85 54
53 90
43 95
58 37
79 13
74 41
81 47
25 88
32 2
79 61
4 80
19 80
25 55
8 31
58 48
34 35
81 36
41 49
63 17
48 11
63 60
24 17
33 35
5 31
34 29
27 13
2 7
54 31
16 5
13 83
58 94
68 22
39 62
41 12
60 89
17 27
28 52
34 55
81 52
97 22
67 92
11 66
75 76
52 87
17 14
80 58
28 25
45 86
87 30
85 97
43 85
82 5
91 3
92 3
37 36
88 60
92 5
74 90
94 18
71 16
95 17
54 10
19 70
24 22
18 75
97 80
90 2
28 65
2 54
30 30
40 85
56 94
85 47
37 41
47 42
90 22
96 74
11 42
32 29
73 2
56 86
95 9
40 52
72 82
2 60
78 43
41 45
40 53
87 64
84 14
86 25
58 57
79 38
34 36
44 25
39 42
20 89
29 25
90 67
5 59
55 76
5 65
36 23
46 4
68 68
39 96
33 80
75 88
50 72
80 65
59 7
80 67
66 51
13 29
65 26
81 73
73 44
74 57
30 16
59 66
95 45
94 95
7 12
15 92
74 33
39 2
33 76
27 80
14 17
31 78
48 14
59 22
50 73
36 36
20 55
4 87
36 18
4 47
74 84
75 82
10 4
20 15
4 10
59 13
30 28
13 57
84 58
78 45
85 29
91 82
93 70
49 56
97 89
83 21
2 35
13 96
28 83
88 7
48 54
89 30
79 8
10 56
61 67
80 87
75 40
97 53
37 91
3 65
59 15
30 23
55 32
18 52
4 64
58 66
59 78
9 33
5 89
25 97
73 23
61 13
87 54
37 57
29 63
4 61
36 13
65 63
42 31
41 87
15 45
10 70
7 49
16 22
9 67
16 48
37 50
83 37
81 5
49 50
71 1
95 58
44 53
80 84
18 42
73 89
37 23
50 60
91 75
75 8
36 66
88 66
3 14
53 48
77 80
47 27
93 92
39 19
39 83
78 36
79 43
89 93
37 89
26 24
22 78
84 1
75 95
16 77
95 21
68 39
48 23
15 83
41 73
16 97
48 61
6 18
7 37
92 20
81 84
42 4
89 36
62 10
89 34
53 73
32 30
47 68
66 19
85 85
1 42
8 27
46 90
97 43
49 28
84 49
45 35
6 79
12 69
79 62
39 92
81 46
38 65
71 92
8 11
41 79
66 48
75 52
89 44
93 45
74 62
27 26
1 63
39 94
24 8
32 11
93 40
74 44
42 59
79 2
61 2
12 59
45 79
20 65
39 41
37 10
1 31
38 81
45 59
49 49
78 91
76 42
89 97
65 95
93 1
16 29
20 16
65 8
10 1
69 72
1 35
38 68
90 83
31 9
54 29
56 55
74 10
78 38
63 62
64 37
90 37
46 92
83 4
68 62
87 49
76 69
49 16
48 42
70 1
37 11
91 77
84 81
33 91
64 67
43 18
60 54
66 67
78 17
11 93
65 75
6 2
64 90
41 6
24 10
9 29
43 34
96 27
61 72
19 49
34 72
55 40
9 84
12 62
42 27
14 12
58 89
32 8
27 97
39 73
63 86
48 41
32 31
22 52
61 63
50 85
4 8
81 89
72 31
62 54
39 18
70 55
48 75
50 66
73 50
45 34
8 20
33 39
26 81
23 78
74 52
44 2
35 80
3 96
96 94
19 46
88 63
78 19
61 83
82 68
95 18
35 46
5 35
12 13
91 15
53 58
97 2
50 12
24 72
50 13
9 39
18 76
74 43
52 60
45 8
57 70
81 7
40 9
96 21
25 33
21 89
14 34
85 94
54 8
75 85
4 97
46 35
5 58
47 1
71 31
79 4
52 94
57 12
66 52
22 56
38 36
80 47
41 46
80 96
64 77
92 96
53 23
40 18
25 36
47 46
26 1
11 33
4 72
32 46
17 2
97 27
86 83
31 57
36 26
50 17
32 3
86 55
60 16
29 58
44 42
29 67
23 87
15 22
23 49
73 71
43 46
80 29
54 75
29 37
14 80
31 34
87 26
46 42
83 97
89 51
7 87
62 44
47 72
30 10
4 29
48 10
80 49
64 36
53 8
30 51
94 6
48 4
38 12
54 74
36 97
89 18
22 66
11 30
65 37
70 38
86 41
90 16
26 27
83 15
55 67
93 91
75 62
41 76
62 73
87 78
22 42
94 76
9 8
77 46
70 24
46 97
29 71
29 5
19 37
18 90
91 58
69 45
1 96
23 5
63 9
3 32
49 33
10 47
88 3
96 51
10 58
70 28
86 2
93 64
79 72
27 4
11 74
20 19
9 9
77 67
41 11
90 21
52 65
48 29
8 46
3 70
33 4
38 54
2 69
10 68
32 85
77 62
6 19
10 33
28 13
94 16
51 84
73 40
62 57
14 65
6 12
9 13
38 73
56 24
1 36
74 61
18 35
63 73
65 72
91 32
61 78
54 82
9 43
89 12
95 24
93 13
5 68
62 86
88 77
78 56
64 96
53 11
84 29
65 76
4 45
79 5
82 31
7 34
16 7
47 22
32 35
67 6
60 11
93 19
83 75
18 46
36 79
86 86
88 81
21 28
69 91
91 11
52 30
69 84
83 91
82 75
89 49
35 30
42 64
70 10
7 82
91 34
16 74
22 84
38 44
72 58
37 2
26 40
39 90
59 83
55 51
97 13
56 87
79 6
90 57
28 73
52 48
25 56
24 7
79 12
84 75
81 68
37 69
89 20
4 34
2 48
46 96
24 13
22 70
75 66
3 48
5 62
55 38
7 21
43 82
80 52
24 24
58 11
25 39
68 48
42 14
90 31
13 59
66 15
35 57
12 64
14 70
2 84
23 34
11 14
89 46
37 82
68 95
42 3
69 36
90 66
17 5
22 85
16 18
81 74
69 61
59 82
59 86
92 22
83 41
24 30
54 49
90 3
66 66
36 90
92 75
81 61
15 61
2 72
31 67
7 86
28 95
62 78
86 85
70 37
4 48
24 31
30 18
32 33
79 67
86 62
90 55
7 15
93 48
53 18
34 1
38 24
76 55
77 87
71 22
75 64
29 14
64 43
39 25
34 31
94 5
78 5
58 40
24 47
62 34
58 53
55 2
48 55
57 8
52 19
21 24
33 53
81 70
65 6
39 27
94 38
7 33
5 55
48 68
31 22
63 10
11 92
27 3
58 62
32 68
96 5
40 89
80 51
79 65
66 78
45 54
91 46
55 21
21 49
61 19
76 47
15 79
74 7
23 8
14 59
74 60
58 91
76 7
68 50
42 63
96 79
75 69
12 75
91 55
62 66
5 38
83 62
64 47
5 52
92 4
71 24
61 3
76 88
92 88
13 27
68 15
17 25
82 57
55 12
85 58
1 67
37 81
82 55
61 37
40 49
60 45
6 1
40 20
80 9
88 38
97 31
14 33
79 30
16 39
63 67
68 4
75 28
94 36
70 32
92 35
62 6
57 82
76 3
75 26
16 43
73 45
86 72
26 74
5 93
66 53
38 95
2 49
10 66
42 46
50 63
61 8
80 97
4 4
57 59
41 94
6 78
86 73
75 71
17 78
92 97
56 43
55 33
38 43
80 83
25 31
93 24
50 86
80 86
91 67
33 54
4 62
86 13
10 26
37 42
24 64
69 16
89 77
22 88
75 83
45 97
87 24
16 46
22 55
66 94
45 78
88 4
30 8
19 58
39 24
14 1
19 66
15 85
85 81
77 54
90 86
72 10
29 21
53 31
47 28
84 62
26 18
19 89
19 69
63 51
30 42
61 14
21 18
75 27
27 58
39 9
61 24
95 70
65 78
76 74
60 50
33 74
41 19
44 97
49 15
35 22
44 47
31 19
61 35
44 38
22 51
50 58
92 6
16 49
68 14
9 87
24 62
30 85
55 68
63 16
40 43
40 10
62 38
73 47
59 65
66 55
14 64
44 15
55 93
38 90
74 12
86 39
30 2
61 41
35 43
90 10
95 50
29 89
69 52
40 40
69 29
50 87
60 94
45 18
51 94
93 31
76 52
44 4
14 57
48 20
3 25
71 58
60 55
58 7
26 76
63 42
1 53
69 88
30 79
2 63
13 52
96 15
67 33
77 8
45 49
61 49
67 17
5 8
89 55
66 40
91 57
25 78
8 75
1 21
72 3
50 54
30 33
56 28
62 77
20 50
23 21
53 61
35 2
11 89
24 38
43 6
20 17
17 74
91 14
72 36
20 63
67 89
68 12
72 34
25 74
80 91
29 94
57 85
87 51
50 51
2 90
47 47
65 84
55 71
25 96
52 1
62 65
17 21
54 41
72 33
27 8
20 4
39 74
35 58
6 33
48 8
25 13
53 34
56 13
4 18
70 61
50 61
38 13
63 39
17 29
23 84
84 39
78 61
52 33
45 42
7 28
2 23
74 1
12 18
58 95
54 13
13 92
17 79
48 40
74 94
59 96
68 49
10 24
80 25
65 27
93 67
60 20
58 58
20 40
80 38
51 60
24 23
29 88
73 24
50 29
96 66
96 7
8 67
50 26
54 11
26 49
46 72
73 22
88 17
96 12
16 66
42 18
16 71
48 91
70 17
33 31
58 83
22 30
35 39
81 4
28 32
68 87
81 41
72 32
40 62
62 72
86 69
46 84
83 8
20 86
72 53
19 55
11 16
76 66
61 31
65 29
70 36
11 70
9 66
46 43
94 20
8 79
32 51
35 85
27 41
40 3
54 20
27 45
93 59
44 75
73 20
56 79
83 95
55 53
26 20
5 77
7 90
84 88
83 65
79 37
32 43
51 85
20 69
69 39
92 67
12 55
73 73
15 33
72 61
27 12
94 91
77 2
87 34
5 4
58 61
29 47
54 55
66 31
16 92
4 68
37 37
54 50
25 61
2 50
64 19
40 13
47 20
15 23
62 70
65 39
15 51
27 5
48 74
48 67
50 48
93 22
96 28
96 20
17 76
6 90
78 14
39 93
67 36
46 32
22 36
55 74
83 85
53 68
26 70
63 46
3 21
42 16
74 83
89 73
31 10
95 93
35 42
2 11
7 27
91 25
5 28
6 14
89 23
48 28
56 91
2 30
78 8
75 5
48 96
92 23
64 9
77 86
10 91
15 20
70 11
87 47
74 21
58 32
2 78
12 29
37 96
36 40
71 74
71 4
30 11
5 16
29 2
24 70
30 65
59 85
35 86
69 8
94 93
32 41
2 38
37 53
34 46
56 29
7 62
75 23
72 84
73 91
82 25
65 97
39 45
52 22
46 58
82 33
14 94
19 63
96 6
43 88
91 44
17 88
18 29
70 20
3 87
4 94
27 44
83 44
70 2
94 13
36 95
49 38
62 7
22 32
83 76
68 74
24 51
37 78
26 14
65 13
45 9
18 49
48 70
90 38
27 90
87 57
93 69
34 91
81 8
81 3
39 13
40 91
82 58
9 44
56 49
50 34
46 10
92 91
70 19
50 95
10 82
35 76
70 42
2 16
44 89
84 35
64 11
81 23
2 75
77 1
83 31
92 27
8 28
73 69
95 34
79 55
85 90
71 78
95 13
44 14
70 81
19 43
75 97
85 12
51 29
81 26
9 35
89 54
47 45
45 16
3 50
11 69
56 37
31 31
31 42
27 39
14 31
73 57
93 7
33 8
9 38
20 88
60 57
18 59
70 26
90 40
64 40
47 79
49 64
52 4
62 74
33 55
66 95
62 22
93 85
96 97
68 6
72 41
70 47
24 56
79 1
52 25
47 77
66 70
94 11
28 81
57 49
43 66
46 41
34 43
48 12
24 14
10 45
31 15
93 90
96 37
96 17
91 19
59 50
63 8
21 68
83 18
23 95
15 78
42 53
23 88
21 91
43 13
69 6
26 34
78 75
20 93
2 62
11 84
88 9
89 70
18 80
56 44
3 79
63 29
30 68
61 50
19 97
32 77
20 75
12 24
49 68
91 31
19 72
27 72
65 93
17 65
46 87
67 83
97 90
1 86
24 46
82 80
73 19
15 6
96 87
69 80
32 21
81 66
75 63
22 77
32 74
68 94
46 21
45 52
9 46
87 52
62 59
4 17
29 4
34 30
26 90
26 72
71 81
16 41
7 84
17 83
45 93
42 92
44 83
23 16
63 43
29 48
6 47
81 2
68 65
15 15
71 63
26 10
35 23
63 22
74 67
62 9
37 55
26 23
92 12
6 88
85 8
59 73
6 4
82 53
65 22
58 79
40 56
47 24
56 64
95 59
47 30
55 8
76 22
63 31
23 6
86 10
67 28
86 23
27 91
57 29
84 64
41 91
54 91
28 31
86 7
2 39
93 78
93 74
41 26
19 7
94 40
33 57
83 22
81 6
37 84
39 80
12 72
42 25
97 37
14 46
50 64
61 87
14 29
34 28
85 26
5 63
69 38
32 25
46 69
12 92
2 14
40 76
20 59
76 97
20 87
27 62
54 58
31 72
82 16
34 3
28 29
52 89
58 43
88 32
93 42
43 40
31 48
77 50
95 12
94 69
43 54
18 79
92 71
81 80
54 17
47 93
68 32
15 42
80 18
50 93
77 69
53 41
33 78
60 5
23 50
60 21
41 1
67 64
67 94
44 91
55 92
71 76
54 22
44 37
95 48
9 23
34 82
53 36
78 37
86 49
71 60
75 89
5 64
45 43
28 41
77 21
13 40
23 39
82 18
17 51
44 69
97 93
89 47
29 19
24 79
7 85
26 35
36 34
87 89
31 80
20 49
3 41
24 4
51 40
95 51
95 37
47 49
77 42
43 65
12 23
30 6
6 52
37 9
47 13
43 84
61 47
20 84
27 49
65 46
5 96
93 14
96 34
40 2
25 54
89 88
27 77
22 27
18 95
40 11
86 37
70 51
37 19
29 27
85 41
90 56
56 93
33 85
92 76
40 48
76 82
30 32
3 93
41 71
60 30
55 78
10 75
56 23
4 81
15 75
8 45
34 26
75 45
29 83
58 75
24 43
84 70
61 38
24 87
15 74
5 5
34 92
44 88
60 68
19 21
62 24
86 14
32 90
24 27
15 66
9 69
54 72
84 96
12 1
39 4
20 7
37 3
87 25
24 48
18 33
10 23
30 53
49 53
8 72
41 27
91 85
3 91
6 58
90 43
86 44
53 59
44 66
20 21
57 9
50 59
13 43
25 51
33 64
53 47
58 39
64 46
32 14
27 17
44 10
30 73
11 6
63 25
4 69
49 19
7 71
56 72
67 26
25 67
60 51
77 36
84 12
14 18
82 32
8 3
51 38
15 7
13 32
32 53
39 54
74 39
23 35
1 91
74 66
32 47
11 26
79 57
70 46
40 51
81 90
53 93
22 16
70 76
88 50
59 91
53 9
30 15
89 63
20 10
93 10
23 11
57 76
51 4
74 70
40 4
92 19
10 94
74 78
72 92
51 92
11 71
73 46
96 62
91 90
38 35
50 77
44 67
23 45
92 10
8 14
97 75
88 95
62 64
69 85
65 23
5 69
80 42
86 65
56 53
26 26
67 4
55 62
63 84
3 56
55 96
83 81
54 95
13 5
43 93
34 40
18 50
28 17
90 52
13 11
30 84
80 12
81 1
74 23
32 78
36 75
68 5
46 48
49 91
35 94
32 32
71 25
52 49
74 79
65 19
81 85
79 69
27 84
60 6
10 96
40 77
90 42
42 52
12 97
93 76
32 48
39 66
74 37
32 36
94 66
49 86
15 43
4 14
84 59
76 63
31 69
15 72
62 42
78 2
69 46
44 44
81 38
55 63
40 29
45 88
58 67
44 18
2 15
49 58
37 58
90 54
66 43
1 94
77 66
55 94
45 40
82 69
92 89
86 17
21 69
48 72
73 70
28 70
43 38
68 13
90 88
23 28
3 59
66 64
63 26
21 19
68 80
28 21
67 35
45 92
46 23
87 21
44 72
59 25
47 34
22 25
78 59
23 48
6 55
11 97
56 38
72 89
93 46
68 46
7 52
76 20
7 3
28 91
89 72
38 38
31 93
3 3
10 51
60 19
15 27
34 70
39 44
6 86
52 74
9 95
48 66
78 53
22 24
97 97
28 88
96 72
27 16
54 35
47 6
84 48
86 38
32 63
74 20
42 39
41 83
93 30
64 31
21 9
15 29
95 87
74 17
67 60
41 20
79 48
68 89
21 97
84 31
61 32
89 84
23 61
23 17
4 11
3 77
48 83
9 7
30 4
60 96
14 79
4 15
50 21
80 10
83 46
47 40
12 50
33 92
92 29
13 12
97 6
77 16
26 30
43 36
96 90
2 8
9 52
51 6
80 94
95 96
55 77
1 81
40 17
50 47
41 67
8 60
92 42
71 39
8 24
48 9
16 76
6 73
38 19
81 48
93 36
39 55
37 60
18 3
77 75
41 82
92 30
92 38
46 95
44 63
85 63
34 38
48 85
28 84
49 92
31 54
16 78
59 34
75 21
77 18
58 93
80 80
38 56
62 29
76 76
21 64
47 21
57 23
58 63
22 3
51 76
71 47
67 43
52 83
49 42
39 53
46 89
22 50
19 25
7 44
7 19
28 55
28 57
73 30
32 62
96 3
62 15
27 76
9 41
78 15
78 83
57 64
86 77
58 55
63 41
31 87
41 75
73 96
72 71
45 45
40 45
60 49
85 6
54 83
30 52
72 5
47 69
97 18
38 97
48 76
54 92
45 58
5 6
1 44
37 44
77 83
88 87
58 82
86 64
4 1
59 58
91 42
41 97
48 36
27 82
30 7
46 94
59 59
57 24
75 87
24 5
52 54
48 97
83 52
22 97
1 17
11 56
1 68
93 96
96 89
70 77
82 40
3 1
24 68
55 18
29 74
91 92
6 82
13 23
45 53
3 61
19 91
88 26
72 83
56 45
88 8
43 30
28 92
65 3
78 68
94 45
81 87
9 27
37 31
52 23
60 44
19 8
57 37
1 79
20 33
75 77
22 33
17 4
69 10
23 37
87 4
67 96
12 42
85 59
56 41
44 65
88 48
12 11
79 45
40 90
5 19
72 35
7 29
65 50
49 55
4 21
15 97
40 67
3 7
38 78
2 93
50 83
23 33
63 50
76 28
47 73
2 22
26 60
8 97
92 81
90 15
68 75
28 58
89 32
36 83
92 63
78 46
51 62
84 3
47 19
1 30
67 40
92 9
57 44
59 41
67 54
42 88
73 86
90 63
43 44
76 40
58 70
50 36
10 81
20 12
94 72
3 80
49 89
97 21
48 22
18 63
59 84
94 86
38 51
60 46
35 68
37 4
20 46
65 67
64 74
7 66
21 42
33 72
64 62
69 40
39 52
62 41
62 33
10 43
75 61
61 94
18 12
59 47
97 11
42 90
52 90
4 46
2 81
61 52
47 81
57 35
63 76
21 77
34 59
48 56
79 74
64 76
91 13
22 18
79 36
2 19
79 53
80 85
49 37
95 29
87 3
21 11
16 89
9 40
56 25
45 38
4 25
22 68
25 38
46 31
48 33
76 45
38 62
20 47
74 15
17 80
74 75
4 23
25 80
75 73
13 49
35 33
42 66
91 69
72 6
63 3
25 79
30 87
83 59
35 29
51 72
36 43
79 88
91 41
74 45
89 22
40 36
30 37
97 33
33 37
44 3
61 10
84 72
29 26
77 41
57 91
66 33
55 44
28 76
56 22
95 55
17 17
8 10
58 56
48 86
73 56
21 81
47 5
75 36
60 75
59 97
77 24
13 22
15 60
52 81
39 68
22 82
1 37
21 31
8 32
60 66
84 77
91 95
20 32
56 15
28 7
12 43
26 19
67 95
77 9
97 34
2 9
57 28
95 90
68 31
55 86
15 12
76 92
75 38
97 8
2 97
92 77
97 48
60 25
54 68
93 23
15 47
27 21
90 77
33 12
73 72
42 69
95 92
2 52
82 39
65 77
14 54
66 32
49 22
91 18
58 19
75 25
20 27
27 27
61 64
88 73
80 23
88 58
39 20
72 87
47 29
25 69
90 13
32 12
73 85
39 46
28 89
68 78
20 43
74 31
67 67
96 55
59 80
79 76
13 97
52 29
86 87
95 25
19 23
52 58
82 12
24 49
15 31
9 32
11 85
69 56
12 73
61 11
77 51
37 86
32 50
35 12
4 92
20 45
13 75
15 59
22 26
30 72
45 90
8 5
22 43
88 16
86 20
31 95
25 45
21 41
6 17
80 62
11 86
66 90
92 16
94 31
31 79
41 80
36 60
14 39
31 66
47 75
18 9
78 47
71 32
83 63
1 95
73 64
52 17
16 21
35 82
20 91
69 57
45 87
93 71
58 21
28 50
24 57
65 56
11 17
78 29
13 66
54 45
68 61
5 80
94 17
47 85
12 51
66 88
49 79
57 41
12 38
52 38
66 84
22 10
85 92
89 53
89 68
76 78
81 78
83 74
19 59
29 29
67 63
11 63
5 92
16 26
91 29
83 71
93 3
26 89
84 24
97 38
3 54
69 67
76 43
81 25
27 71
58 15
49 24
42 80
86 51
58 3
82 62
70 53
19 47
88 30
84 86
43 87
26 41
46 30
20 42
86 52
21 26
10 65
17 19
10 86
90 97
44 9
97 59
37 83
38 70
79 23
60 81
18 56
22 13
35 52
42 13
14 38
31 20
29 39
31 92
3 88
45 57
35 14
24 2
6 48
3 4
19 13
49 34
44 36
82 51
62 69
21 3
95 82
85 65
45 77
67 71
39 61
86 67
29 87
56 1
19 31
51 63
41 18
62 31
69 48
28 68
29 23
66 2
49 82
55 9
86 28
82 41
48 95
30 74
26 67
6 91
42 44
40 78
14 50
27 11
46 18
61 7
66 75
37 47
1 45
51 3
35 66
7 50
65 24
51 50
33 36
94 71
25 66
97 42
59 18
37 51
51 58
60 86
78 7
85 56
13 26
54 76
8 39
90 9
88 10
1 87
63 91
64 18
30 1
65 31
1 83
79 27
65 53
34 74
21 27
17 82
2 73
49 54
87 66
69 78
56 3
64 24
92 44
1 8
62 13
52 93
24 29
54 47
81 49
81 57
64 80
96 22
69 49
42 17
73 1
66 62
16 4
93 55
24 33
26 57
67 39
45 17
86 22
61 76
14 20
72 21
57 68
29 69
57 30
25 52
69 34
18 65
74 76
38 50
4 19
7 30
65 45
95 28
58 97
12 86
75 59
6 28
60 72
31 50
74 16
55 50
95 4
45 24
64 61
94 43
39 60
21 63
49 78
51 19
89 40
27 28
2 74
96 91
97 82
84 30
62 36
20 72
84 44
89 87
83 33
52 31
83 39
45 56
37 18
36 65
74 55
11 3
12 89
8 50
9 88
12 46
80 43
25 60
25 65
38 82
18 54
81 18
72 16
47 80
86 61
28 3
87 95
22 7
25 44
54 37
52 57
80 26
74 82
57 34
66 13
56 78
97 5
85 24
20 78
45 33
5 20
16 37
90 44
78 22
54 30
28 93
13 85
82 78
56 62
74 13
67 72
10 31
59 67
41 96
82 60
24 96
79 93
61 97
25 71
3 40
44 33
26 44
97 7
82 17
32 5
9 59
21 51
11 12
85 39
80 11
21 30
2 32
90 78
21 71
88 90
4 33
50 96
3 19
87 94
76 32
90 87
85 42
88 84
51 5
73 79
8 38
22 74
58 42
69 51
88 25
66 34
26 12
94 70
43 70
73 97
18 67
25 16
46 50
78 57
24 74
16 69
40 79
69 11
84 17
69 90
66 37
65 40
24 93
55 59
50 33
25 57
63 27
37 62
26 75
38 10
15 28
42 9
65 91
7 81
72 77
68 23
67 62
23 92
85 64
38 64
86 56
52 15
92 49
61 88
35 97
7 36
49 30
97 72
66 68
39 16
36 37
36 63
85 30
10 13
91 51
86 96
96 39
29 85
66 59
39 28
57 15
66 49
88 85
28 75
38 7
7 25
83 80
55 82
79 25
97 74
23 54
96 96
88 54
70 58
56 18
49 23
66 9
88 23
63 61
58 86
78 54
4 43
39 56
49 20
43 75
12 36
32 39
12 25
80 3
95 42
18 81
23 42
66 85
14 9
70 15
63 12
71 72
29 44
87 59
32 84
15 1
10 67
21 53
62 81
74 74
85 16
94 78
29 36
22 63
69 20
63 18
38 27
54 66
97 49
37 12
95 86
71 94
60 35
66 65
77 17
12 37
64 82
18 37
25 1
3 94
12 8
87 55
83 5
62 1
55 56
95 33
43 89
18 21
51 36
71 70
31 17
42 72
22 72
24 16
76 68
26 9
43 5
44 94
41 9
64 78
67 91
70 87
15 21
46 52
72 59
50 57
53 52
24 73
93 43
58 81
51 68
6 96
15 89
56 92
3 74
75 60
71 73
17 75
41 15
62 71
2 25
2 44
58 72
83 66
79 85
32 37
67 50
72 75
76 30
58 28
18 45
48 18
8 23
92 45
85 84
14 72
20 62
57 25
22 4
60 29
67 87
27 79
60 58
60 95
8 91
62 52
19 94
3 78
19 22
55 80
59 36
84 2
35 17
76 10
84 76
75 12
4 7
25 23
59 94
66 45
88 89
93 25
90 49
36 17
10 42
81 94
30 96
9 53
23 20
84 84
41 55
16 81
67 32
89 56
62 97
11 36
38 40
23 81
49 3
85 27
24 67
1 65
60 88
9 57
67 88
56 21
9 82
11 81
45 50
69 2
55 26
88 22
35 62
75 41
35 25
81 55
95 14
94 50
78 72
39 21
28 16
97 76
86 19
75 6
52 44
82 94
37 14
68 85
15 81
66 30
33 28
24 53
92 25
9 63
74 24
94 74
89 38
73 81
25 8
95 71
37 54
76 65
48 44
14 97
77 74
36 76
78 26
73 31
29 15
20 48
16 85
75 47
26 63
6 64
73 53
57 31
34 64
8 48
18 94
68 53
88 97
44 96
57 78
39 64
69 95
42 1
83 36
96 18
43 8
89 76
46 3
80 82
54 85
2 55
40 94
14 3
31 84
32 22
25 70
1 93
34 84
16 60
69 76
56 96
90 24
63 55
35 63
89 15
41 37
61 92
28 40
51 10
6 6
30 83
26 96
20 5
87 56
9 14
90 32
26 2
63 81
44 1
95 26
5 53
42 79
49 26
55 30
29 78
53 6
10 46
63 34
24 41
36 92
21 58
34 9
58 78
44 20
56 10
37 56
90 84
78 55
54 88
75 34
58 71
93 5
85 3
39 31
88 93
69 21
5 39
64 87
33 42
71 51
22 21
88 51
41 36
6 67
36 2
57 1
85 72
27 53
74 91
42 97
59 14
49 32
53 95
11 18
21 56
56 59
34 65
95 85
67 77
90 95
39 89
91 61
19 65
78 16
24 12
49 66
94 34
96 86
61 62
81 69
14 86
61 9
43 19
73 38
67 20
50 70
58 49
52 64
16 38
17 59
45 19
77 25
71 67
9 76
53 37
53 60
57 7
64 32
42 8
78 92
93 44
67 31
9 4
4 24
24 50
53 14
45 6
48 93
17 70
91 40
70 80
18 86
88 96
4 13
32 93
41 24
45 67
30 58
14 53
15 17
71 44
48 37
39 22
5 37
70 78
67 82
69 26
56 16
36 93
28 19
47 59
12 10
29 34
76 5
95 64
45 7
66 10
17 63
6 44
12 80
85 61
91 43
11 10
34 93
34 69
9 15
28 45
47 32
13 50
78 18
57 95
83 29
87 80
15 39
89 14
27 46
75 15
96 56
2 45
86 58
87 31
17 86
55 35
39 65
57 93
81 91
33 79
70 66
45 83
38 47
44 86
45 60
53 12
87 45
87 74
23 76
58 34
51 65
95 1
39 88
40 73
59 21
26 59
65 10
24 91
32 87
76 59
10 11
48 58
20 31
27 86
40 96
96 49
18 47
37 16
47 7
60 87
66 3
69 66
97 32
4 63
4 57
10 18
15 38
59 49
77 65
83 56
13 36
60 69
13 34
29 3
19 87
88 44
76 73
44 68
26 94
92 58
15 3
62 19
89 27
12 87
15 9
84 85
63 65
59 31
59 71
57 84
40 68
31 18
56 65
87 50
16 75
8 87
83 40
81 76
91 91
24 21
51 97
22 23
1 11
57 11
29 43
41 5
69 54
44 57
44 39
64 88
58 68
46 11
63 47
51 12
38 55
42 41
8 13
64 51
38 74
38 4
6 42
74 86
46 61
6 31
24 55
6 32
30 24
3 2
91 38
42 89
80 6
45 5
53 62
83 13
49 95
48 3
6 49
60 63
1 38
17 28
77 63
24 9
27 19
71 96
94 90
61 79
43 94
69 50
79 68
82 26
15 76
42 57
42 36
83 43
79 18
25 18
39 15
12 60
75 13
29 30
93 27
6 37
32 95
9 75
96 95
36 42
27 73
12 83
11 60
62 3
8 19
64 22
61 58
50 32
96 80
72 65
87 12
17 85
50 38
71 85
84 95
60 33
36 27
86 60
38 77
60 14
72 74
35 18
83 90
28 54
83 87
10 15
36 94
46 24
86 47
37 40
90 17
66 92
67 49
26 52
75 35
72 50
50 50
75 81
68 59
70 83
70 5
28 60
50 15
8 9
1 60
67 19
6 23
7 54
80 70
68 20
49 12
35 95
29 52
76 9
92 37
52 62
75 72
18 93
30 64
89 95
17 6
47 52
33 56
71 88
68 40
44 8
83 69
71 48
35 26
74 65
22 5
82 10
28 61
87 22
86 93
12 44
65 87
36 96
56 14
18 5
50 68
46 83
29 42
64 52
40 37
68 11
10 36
37 39
29 64
50 89
19 62
66 93
48 35
76 8
20 9
46 56
76 12
27 6
1 14
92 57
19 33
80 92
93 86
57 96
22 91
37 63
72 63
47 83
71 68
41 44
10 16
23 12
87 18
82 30
86 50
33 73
13 24
13 45
66 54
18 73
42 87
77 81
97 35
47 11
48 16
86 63
84 16
46 78
1 54
21 2
31 3
38 58
66 76
39 30
91 84
11 8
88 37
35 40
63 70
10 35
6 22
84 23
20 64
45 71
11 78
15 95
48 59
66 8
64 7
15 19
87 70
58 30
97 20
92 55
31 26
8 53
93 4
41 52
22 87
81 45
2 40
65 21
39 87
77 12
13 16
40 7
34 50
93 62
41 34
48 64
28 77
55 16
75 32
56 68
16 93
1 50
53 21
9 62
65 60
34 62
24 32
79 39
19 86
45 14
19 76
37 22
35 8
95 79
4 93
40 44
2 57
18 77
93 75
41 88
61 6
77 49
82 92
12 84
69 59
31 64
22 71
36 15
53 7
23 22
56 11
94 22
72 25
16 1
89 50
11 76
15 55
11 24
45 66
62 96
19 18
47 17
82 3
44 27
10 52
64 26
21 45
8 37
68 28
68 77
87 86
37 29
76 79
84 47
42 55
17 81
43 52
97 69
61 60
26 83
69 43
55 95
13 21
58 20
65 74
55 14
53 49
11 90
34 27
82 49
76 60
59 26
9 77
13 2
57 81
93 52
64 49
47 55
5 56
44 26
88 24
56 19
50 92
46 8
11 32
2 36
46 16
28 9
81 43
43 3
55 69
3 63
92 56
31 85
6 74
77 20
50 69
9 19
1 84
46 62
46 46
11 29
59 35
73 15
3 36
9 91
73 90
82 82
32 83
9 73
73 26
94 4
60 79
76 11
66 12
18 60
81 35
76 75
73 32
31 29
86 11
20 90
74 11
20 79
63 4
45 63
56 50
33 66
43 32
42 73
50 82
30 81
37 97
57 32
2 83
13 38
44 31
85 21
27 35
13 6
33 13
8 71
60 62
31 97
49 80
71 17
75 54
24 88
80 95
88 42
68 38
52 55
97 30
80 36
58 18
82 28
64 93
68 37
96 68
97 52
95 36
2 5
83 78
78 80
94 92
80 21
29 57
36 19
59 9
95 67
62 2
40 41
17 1
71 53
50 97
25 48
43 47
75 49
61 73
2 28
37 70
17 61
28 72
11 38
3 57
5 24
43 1
20 51
50 81
10 28
85 88
40 50
50 14
59 62
72 67
64 56
19 36
17 93
57 65
78 48
26 13
96 54
9 5
53 26
94 48
33 3
94 56
7 13
15 25
30 31
44 40
61 84
60 28
74 30
87 15
92 41
53 22
77 30
1 22
38 22
25 73
31 63
54 57
4 5
20 38
53 13
97 19
79 47
47 2
91 62
49 77
41 57
70 63
39 39
4 32
64 45
81 12
27 20
47 9
70 82
21 20
89 78
78 64
83 20
36 82
59 93
52 8
4 67
49 1
60 71
2 53
7 67
74 26
28 37
3 52
33 88
22 64
15 46
61 5
2 91
80 89
41 4
68 54
45 72
32 45
47 87
38 89
54 86
58 14
59 16
46 36
93 39
9 83
64 53
87 58
5 82
84 26
36 20
96 84
44 49
71 8
7 10
25 49
1 10
64 6
42 10
12 68
27 64
47 97
76 34
28 18
59 45
88 69
33 96
12 58
59 87
68 44
1 48
88 68
66 97
34 56
88 5
14 71
71 46
43 28
32 26
21 82
15 2
38 26
36 7
46 68
93 95
50 80
8 35
83 92
9 47
62 17
88 13
64 23
4 37
80 48
83 51
88 12
76 37
46 22
43 20
55 43
30 50
23 83
43 11
37 88
4 85
76 61
6 43
19 14
6 95
52 37
21 72
75 4
75 92
77 60
79 35
57 90
8 73
53 46
21 6
59 10
43 22
58 13
67 12
3 68
73 51
88 71
81 27
49 51
88 59
53 17
35 38
41 84
65 48
21 23
45 41
97 95
42 60
71 10
1 1
59 76
66 1
70 67
20 44
93 63
22 48
16 2
32 4
2 76
93 88
41 16
72 62
74 56
44 12
83 53
75 84
80 20
77 31
26 77
40 86
67 7
54 39
29 72
51 86
10 55
3 10
69 23
19 73
27 34
2 51
39 67
68 58
69 25
52 41
3 39
38 67
14 51
75 20
21 47
36 73
44 45
70 34
5 11
69 12
26 7
95 88
69 82
2 13
7 68
32 19
25 82
33 51
49 17
31 30
38 25
60 64
73 43
67 45
51 7
71 13
71 27
29 53
97 81
7 57
67 16
95 91
34 51
95 27
82 87
1 70
40 55
19 79
18 41
90 93
49 90
25 24
34 15
56 34
76 31
93 54
17 38
19 6
19 53
52 79
4 84
42 34
59 39
31 35
72 60
86 71
77 57
14 55
52 73
34 44
50 5
79 10
3 49
69 17
18 34
19 3
34 21
26 21
87 10
30 41
34 32
83 77
44 74
69 64
93 37
33 50
60 41
51 55
19 67
14 82
27 31
80 22
41 17
26 54
82 43
51 17
83 49
55 49
28 44
79 63
29 84
3 12
9 54
49 41
10 5
23 4
17 20
6 34
13 67
1 69
34 16
35 78
91 74
81 64
88 79
82 86
66 96
48 82
15 58
46 45
14 16
8 65
54 87
1 27
79 81
52 59
49 5
44 34
87 83
49 7
7 47
86 80
62 84
77 89
96 61
94 87
9 93
97 77
26 22
22 39
48 1
48 79
62 60
20 2
57 63
70 45
46 66
36 54
2 87
31 37
79 80
28 53
85 73
51 13
43 48
94 61
64 66
96 2
74 77
90 59
13 17
26 85
31 27
93 80
73 75
87 84
24 94
26 93
76 44
40 6
25 34
24 54
23 58
57 92
14 2
91 81
2 86
56 2
91 66
35 79
63 68
18 7
31 21
25 94
12 91
37 28
55 4
67 80
32 91
58 65
56 80
87 32
21 40
57 27
10 34
57 6
78 60
80 30
53 45
76 18
57 79
35 34
58 92
94 15
48 25
80 41
73 84
60 32
52 2
7 59
93 18
89 91
85 53
42 35
88 40
72 29
63 15
44 21
56 95
74 3
59 60
66 42
37 59
2 12
85 66
70 23
78 21
90 53
28 8
76 39
68 57
25 83
23 14
29 7
47 48
36 64
12 56
4 36
43 90
35 5
8 86
94 3
6 77
80 53
92 47
55 23
78 86
53 32
65 34
84 5
29 17
34 5
5 72
95 47
81 86
